[app/ui]
version = 7.0.0
modtime = 1517833169.675274000

[app/launcher]
version = 7.0.0
modtime = 1517833169.677705000
